28991
28991
28991
28991
28991
28991
28991
28991
28991
28991
28991
28991
28991
28991
28991
28991
28991
28991
28991
28991
28991
28991
28991
28991
28991
28991
28991
28991
28991
28991
28991
28991
28991
28991
28991
28991
28991
28991
28991
28991
28991
28991
28991
28991
28991
28991
28991
28991
28991
28991
28991
28991
28991
28991
28991
28991
28991
28991
28991
28991
28991
28991
28991
28991
28991
28991
28991
28991
28991
28991
28991
28991
28991
28991
28991
28991
28991
28991
28991
28991
28991
28991
28991
28991
28991
28991
28991
28991
28991
28991
28991
28991
28991
28991
28991
28991
