1, 0, 23.67, 135, 877
1, 100, 147.81, 1530, 877
1, 99, 243.16, 1530, 877
1, 99, 264.85, 1530, 877
1, 100, 172.25, 1530, 877
1, 100, 268.91, 1530, 877
1, 100, 221.13, 1530, 877
1, 100, 251.69, 1530, 877
1, 99, 219.76, 1530, 877
1, 99, 219.76, 1530, 877
1, 100, 212.44, 1530, 877
1, 100, 162.98, 1530, 877
1, 100, 188.12, 1530, 877
1, 100, 168.66, 1530, 877
1, 100, 149.11, 1530, 877
1, 100, 161.59, 1530, 877
1, 100, 143.72, 1530, 877
1, 100, 277.37, 1530, 877
1, 100, 278.07, 1530, 877
1, 100, 241.06, 1530, 877
1, 100, 177.09, 1530, 877
1, 100, 211.36, 1530, 877
1, 100, 271.28, 1530, 877
1, 100, 219.00, 1530, 877
1, 99, 169.12, 1530, 877
